# sto-3g,cc-pvdz,cc-pvtz,cc-pvqz,cc-pv5z
-2.492727944733581899e+04 -2.522412113902520650e+04 -2.523274968500231262e+04 -2.523447546138400503e+04 -2.523493141362827373e+04
-4.913500148246766912e+04 -4.971868588362605806e+04 -4.973355340605841047e+04 -4.973679459950608725e+04 -4.973762500447389175e+04
-7.334350610687847075e+04 -7.421448427635936241e+04 -7.423564505419597845e+04 -7.424039306480603409e+04 -7.424158640976205061e+04
-9.755178305631097464e+04 -9.870990720984857762e+04 -9.873729991512374545e+04 -9.874355154823063640e+04 -9.874510549851837277e+04
-1.217600980476346449e+05 -1.232053184461968340e+05 -1.232389535799417936e+05 -1.232467090198529186e+05 -1.232486229193564068e+05
-1.459684094660951232e+05 -1.477007297483546135e+05 -1.477406048527980456e+05 -1.477498649259704107e+05 -1.477521388779268891e+05
-1.701767202361882082e+05 -1.721961373298586695e+05 -1.722422520239400328e+05 -1.722530172712793865e+05 -1.722556513450023485e+05
-1.943850316370618530e+05 -1.966915427056151093e+05 -1.967438974433186522e+05 -1.967561679105092771e+05 -1.967591621075443400e+05
-2.185933489221605414e+05 -2.211869432066038426e+05 -2.212455407981900789e+05 -2.212593165736094234e+05 -2.212626709014065564e+05
-2.428016161257622007e+05 -2.456823441861188621e+05 -2.457471730039821414e+05 -2.457624537783211272e+05 -2.457661682303195703e+05
-2.670099264310678118e+05 -2.701777532131309272e+05 -2.702488214821333531e+05 -2.702656074687394430e+05 -2.702696820680550882e+05
-2.912182713618344278e+05 -2.946731543295819429e+05 -2.947504693602267071e+05 -2.947687608553656610e+05 -2.947731956167653552e+05
-3.154265374145007809e+05 -3.191685530705452547e+05 -3.192521014721597312e+05 -3.192718978859224007e+05 -3.192766927190182032e+05
-3.396348805511484970e+05 -3.436639742451248458e+05 -3.437537641701723915e+05 -3.437750660361492774e+05 -3.437802210933659226e+05
-3.638431873167714803e+05 -3.681593557344122091e+05 -3.682553908165624598e+05 -3.682781980060208589e+05 -3.682837131951075280e+05
