-4.725961484040904179e+04
-4.725969275517117057e+04
-4.726002112618085812e+04
-4.725993074746778439e+04
-7.164302370512756170e+04
-7.164350174494452949e+04
-7.164337046849759645e+04
-7.164291081103106262e+04
-5.938218599039752007e+04
-5.938229421928740339e+04
-5.938227966775641107e+04
-5.938217909056099597e+04
-1.539196054182137013e+05
-1.539197200814912212e+05
-1.539212088320339972e+05
-1.539211053298993793e+05
-2.568399745682576322e+05
-4.726005156272439490e+04
-7.164351869431954401e+04
-1.418134279027286102e+05
-1.295419813227564882e+05
-1.418133140349398018e+05
-1.295416525520879950e+05
-1.439527060017976328e+05
-1.538503083982737444e+05
-2.568402284222110466e+05
-1.439527329081323696e+05
-1.439527449377413432e+05
-1.538504331172102247e+05
-1.439526816881582199e+05
-2.568402380273852323e+05
-2.568400665180722135e+05
-1.538501803295308200e+05
-1.226307268619297683e+05
-1.226307314218491229e+05
-1.226308351374058984e+05
-1.218790480483595893e+05
-1.218789279878613161e+05
-1.439527400309018849e+05
-1.439527313497226569e+05
-2.568405132333812071e+05
-2.568405740330769622e+05
-2.568403691254560254e+05
-4.870784495315051026e+04
-4.791320666029811400e+04
-1.539211624733585923e+05
-1.439527413745060039e+05
-1.538503189541770262e+05
-1.439527595750031760e+05
-1.439527402318381064e+05
-4.791322047810870572e+04
-1.439527569956010848e+05
-1.439527585335169570e+05
-1.439527618875555054e+05
-1.439527660162110988e+05
-1.439527396415919648e+05
-1.439527971076758113e+05
-1.538503762313425250e+05
-4.791325990459750028e+04
-4.791317428123122227e+04
-1.226307287214768730e+05
-1.226307171221355529e+05
-1.439527325580295583e+05
-1.539209266673137899e+05
-1.538501652757221891e+05
-5.938227122804964165e+04
