-4.725928499824369646e+04
-7.164254480259639968e+04
-5.938219107535175863e+04
-1.539206548134735785e+05
-7.164249607050092891e+04
-5.938220236184984242e+04
-1.539197118907878466e+05
-4.725926040306427603e+04
-7.164257848780455242e+04
-5.938221241826665209e+04
-1.539197705691246956e+05
-4.726003464841120149e+04
-7.164242367559332342e+04
-5.938227763552084798e+04
-1.539207654106627742e+05
-4.725921841226519609e+04
-2.568398185326521925e+05
-1.538500566028211324e+05
-1.538500412763155182e+05
-1.418134425836391747e+05
-1.295419846164063783e+05
-2.568393822270894016e+05
-2.568398724736401928e+05
-1.439527056330621708e+05
-1.538503052776469267e+05
-2.568402284222114831e+05
-1.538502619243657973e+05
-2.568402363199362298e+05
-2.568400709800154145e+05
-4.870783240324362123e+04
-4.870787392233420542e+04
-4.791319124190203001e+04
-4.870782948971640144e+04
-1.226307276513224788e+05
-1.226307994504629023e+05
-1.226308140730496525e+05
-1.226308207955839316e+05
-1.218789359958091809e+05
-1.218789527955008671e+05
-1.226308475453415886e+05
-1.226307328227276594e+05
-1.218789704095401248e+05
-1.226308307123205595e+05
-1.226307131085226138e+05
-1.226306536207087047e+05
-1.226307079950961779e+05
-1.439527331478395790e+05
-1.538503469257670513e+05
-1.538502984732339391e+05
-4.791322564425868768e+04
-4.791323675057876244e+04
-1.418145822762608004e+05
-1.295427309056616068e+05
-4.725965384159330279e+04
-7.164275252330406511e+04
-5.938223283775890013e+04
-1.539209492414631823e+05
-1.538503762279453513e+05
-4.725922152112154436e+04
-1.418145151641005650e+05
-1.418145087486681005e+05
-1.295427600410918822e+05
-1.418145789124706644e+05
-4.870780824716974166e+04
-4.791329107154148369e+04
-1.538502442675624043e+05
