-4.798466874579000432e+04
-4.798466435459768400e+04
-4.798461649777858111e+04
-4.798463358456947753e+04
-7.265420742945380334e+04
-7.265407023827095691e+04
-7.265412016271299217e+04
-7.265422082607385528e+04
-6.018291778276139667e+04
-6.018291328567329037e+04
-6.018289052285423531e+04
-6.018293094953281980e+04
-1.560247837123541103e+05
-1.560246478646568139e+05
-1.560247648630908225e+05
-1.560248734846182924e+05
-2.604192789972262108e+05
-4.798461771653258620e+04
-7.265407159784404212e+04
-1.438224247756205732e+05
-1.313485002315233287e+05
-1.438224011509196425e+05
-1.313484280637209304e+05
-1.457996383866392134e+05
-1.558657524215687881e+05
-2.604196138935149356e+05
-1.457996343384475040e+05
-1.457996184347205271e+05
-1.558657271670234331e+05
-1.457996484882544901e+05
-2.604199476206034597e+05
-2.604198675197975826e+05
-1.558657732761291845e+05
-1.241589927260939876e+05
-1.241589935575132549e+05
-1.241597783871846332e+05
-1.233940330711760325e+05
-1.233939728273779183e+05
-1.457996365531687625e+05
-1.457996401968561986e+05
-2.604199878822988248e+05
-2.604199963230298308e+05
-2.604199484022466931e+05
-4.933976123883211403e+04
-4.854892211750699789e+04
-1.560249220984212589e+05
-1.457996357314742345e+05
-1.558657599997797515e+05
-1.457996326475288661e+05
-1.457996250721701945e+05
-4.854892929062392068e+04
-1.457996051793406077e+05
-1.457995937323642720e+05
-1.457996280653373105e+05
-1.457996198294808855e+05
-1.457996277870580961e+05
-1.457996185096695845e+05
-1.558657367405749974e+05
-4.854888573794711556e+04
-4.854884143623726413e+04
-1.241589667341979221e+05
-1.241589546339701774e+05
-1.457996211780204612e+05
-1.560248878820869722e+05
-1.558657788923767512e+05
-6.018290669417773461e+04
