-4.798469023443840706e+04
-7.265427488116553286e+04
-6.018293915618567553e+04
-1.560248524227028538e+05
-7.265428176433838962e+04
-6.018294027349030512e+04
-1.560247301848536590e+05
-4.798469299822995526e+04
-7.265428433684427000e+04
-6.018292224951448588e+04
-1.560248344408693083e+05
-4.798461269210527826e+04
-7.265429558746356633e+04
-6.018292452600302931e+04
-1.560248286082896229e+05
-4.798469421142151987e+04
-2.604193356182530406e+05
-1.558657762240751181e+05
-1.558657748624768574e+05
-1.438224243254723551e+05
-1.313485022016194998e+05
-2.604191587596836907e+05
-2.604190790127350192e+05
-1.457996381052453653e+05
-1.558657532048444264e+05
-2.604196138935146446e+05
-1.558657616380265972e+05
-2.604199383021782269e+05
-2.604198746327584668e+05
-4.933975983448146144e+04
-4.933975120281614363e+04
-4.854887795719427231e+04
-4.933975146156863775e+04
-1.241589932468391198e+05
-1.241597383736595366e+05
-1.241597533953380334e+05
-1.241597435328667343e+05
-1.233939773396748496e+05
-1.233939592996033025e+05
-1.241597561531015235e+05
-1.241589690407614107e+05
-1.233939854949416767e+05
-1.241597129756376962e+05
-1.241589844272067858e+05
-1.241589314458159497e+05
-1.241589486502762302e+05
-1.457996258739475161e+05
-1.558657451246352866e+05
-1.558657488636970811e+05
-4.854889873250576056e+04
-4.854891831860204547e+04
-1.438236145594194531e+05
-1.313490889146281406e+05
-4.798463720807395293e+04
-7.265424423673635465e+04
-6.018289822354351782e+04
-1.560248975392761640e+05
-1.558657367234411649e+05
-4.798468793267235014e+04
-1.438236014430379437e+05
-1.438236447020588967e+05
-1.313490990377423586e+05
-1.438236026215070451e+05
-4.933972302291241067e+04
-4.854882318120964919e+04
-1.558657593578971282e+05
