-4.770664421584438242e+04
-4.770661152219560609e+04
-4.770646319499513629e+04
-4.770650567059102468e+04
-7.219320139898944763e+04
-7.219299384376316448e+04
-7.219306533478369238e+04
-7.219323955553342239e+04
-5.975152804547516280e+04
-5.975150234641455609e+04
-5.975149063433276751e+04
-5.975147347364325105e+04
-1.550084878627035650e+05
-1.550082995087691525e+05
-1.550083982078894624e+05
-1.550085644428375235e+05
-2.588451972029851459e+05
-4.770648237649005750e+04
-7.219300082471118367e+04
-1.429627927481636871e+05
-1.305158961484721658e+05
-1.429627731443025114e+05
-1.305157878826579690e+05
-1.447779048336128471e+05
-1.548132913145487837e+05
-2.588458973954165413e+05
-1.447778946649907157e+05
-1.447778711501809012e+05
-1.548132192475524207e+05
-1.447779185651797161e+05
-2.588463615074878908e+05
-2.588463066313845629e+05
-1.548133412430627213e+05
-1.232078427753829310e+05
-1.232078435862188926e+05
-1.232080119984507182e+05
-1.224730095393834199e+05
-1.224729647975969274e+05
-1.447778987229119812e+05
-1.447779008403624466e+05
-2.588463840710707009e+05
-2.588463950081221119e+05
-2.588463611159638385e+05
-4.897002044540178758e+04
-4.820769365438613750e+04
-1.550087251403582050e+05
-1.447778936734073213e+05
-1.548132826243454474e+05
-1.447778874621613650e+05
-1.447778839296915103e+05
-4.820770473197608953e+04
-1.447778472711912473e+05
-1.447778380762910529e+05
-1.447778788518847432e+05
-1.447778722627957177e+05
-1.447778888463522308e+05
-1.447778681630645005e+05
-1.548132198154823855e+05
-4.820765680231653096e+04
-4.820758871565782465e+04
-1.232078129666251043e+05
-1.232077973872583680e+05
-1.447778846459484776e+05
-1.550087299969661690e+05
-1.548133127935580269e+05
-5.975151222272020095e+04
