-4.770672528047236119e+04
-7.219316805801248120e+04
-5.975150747400028195e+04
-1.550084680718723976e+05
-7.219318107175247860e+04
-5.975149780476468732e+04
-1.550084724444403255e+05
-4.770672580069470132e+04
-7.219325175696150109e+04
-5.975149307598271844e+04
-1.550085790980962047e+05
-4.770644799426176905e+04
-7.219321227358673059e+04
-5.975148270161374239e+04
-1.550085004964928376e+05
-4.770673147556282493e+04
-2.588453744044388877e+05
-1.548133033835527312e+05
-1.548132987527601654e+05
-1.429627872909197176e+05
-1.305158999761295854e+05
-2.588451588551016466e+05
-2.588449933053060668e+05
-1.447779045963531244e+05
-1.548132931567220367e+05
-2.588458973954163375e+05
-1.548133089988824795e+05
-2.588463539543125080e+05
-2.588462437094688648e+05
-4.897001873900453211e+04
-4.897000179702290916e+04
-4.820763680991618457e+04
-4.897000949988681532e+04
-1.232078435392241372e+05
-1.232080041005165840e+05
-1.232080119243468071e+05
-1.232080098966016085e+05
-1.224729680983570433e+05
-1.224729442402267596e+05
-1.232079862466381746e+05
-1.232078100215248269e+05
-1.224729639165023982e+05
-1.232079767369248730e+05
-1.232078319882520736e+05
-1.232077720656116871e+05
-1.232077925051940838e+05
-1.447778933164315822e+05
-1.548132840443647874e+05
-1.548132812799730164e+05
-4.820766675420841784e+04
-4.820769310863141436e+04
-1.429643849691930518e+05
-1.305168691078599222e+05
-4.770666543862158869e+04
-7.219328443207425880e+04
-5.975152908044947253e+04
-1.550086651794532372e+05
-1.548132197827228520e+05
-4.770673989960017934e+04
-1.429643541385296267e+05
-1.429644435867508873e+05
-1.305170081757524604e+05
-1.429643507443330309e+05
-4.896998347243913304e+04
-4.820758955224519741e+04
-1.548132808775457088e+05
