-4.797853150881862530e+04
-4.797852769310314761e+04
-4.797848465623447555e+04
-4.797850011182667367e+04
-7.264700932559151261e+04
-7.264689073387680401e+04
-7.264693349007473444e+04
-7.264702008671128715e+04
-6.017718132904947561e+04
-6.017717790932086064e+04
-6.017715673670503747e+04
-6.017717949569080520e+04
-1.560114311747078609e+05
-1.560113047593931842e+05
-1.560115750153776025e+05
-1.560116768852727255e+05
-2.603979061667298374e+05
-4.797848792128609057e+04
-7.264689252247889817e+04
-1.438098795100133284e+05
-1.313368886834114091e+05
-1.438098476769188710e+05
-1.313368135660089902e+05
-1.457891807976335112e+05
-1.558541142079364217e+05
-2.603982468684352934e+05
-1.457891760617970431e+05
-1.457891601719486353e+05
-1.558540892083797080e+05
-1.457891902586688811e+05
-2.603985787545034837e+05
-2.603984979626939748e+05
-1.558541337334238051e+05
-1.241495031379187712e+05
-1.241495041220928979e+05
-1.241501855071830942e+05
-1.233847197071952396e+05
-1.233846597038573091e+05
-1.457891782362812082e+05
-1.457891816882526909e+05
-2.603986216544363415e+05
-2.603986308089476952e+05
-2.603985809818158159e+05
-4.933599225409266364e+04
-4.854531223618447257e+04
-1.560117218356058002e+05
-1.457891776879660902e+05
-1.558541202578608063e+05
-1.457891742950587650e+05
-1.457891677409032709e+05
-4.854531922090539592e+04
-1.457891464597296144e+05
-1.457891355360352318e+05
-1.457891692760390579e+05
-1.457891614188513195e+05
-1.457891697817954991e+05
-1.457891614608231466e+05
-1.558540953678598453e+05
-4.854527781006169971e+04
-4.854523379837132961e+04
-1.241494774817562575e+05
-1.241494656990451767e+05
-1.457891643835854775e+05
-1.560116668918315845e+05
-1.558541352663804719e+05
-6.017717291590057721e+04
