-4.797854648157756310e+04
-7.264704453387169633e+04
-6.017719088949193247e+04
-1.560116417387744295e+05
-7.264704991251656611e+04
-6.017719083080016571e+04
-1.560114253395049600e+05
-4.797854828566557990e+04
-7.264706316145665187e+04
-6.017717800728388829e+04
-1.560115139093918551e+05
-4.797848063849200116e+04
-7.264706239674690005e+04
-6.017718008415864460e+04
-1.560116223773391393e+05
-4.797854853367736359e+04
-2.603979706717766530e+05
-1.558541288565669383e+05
-1.558541267069140449e+05
-1.438098792953082302e+05
-1.313368906931720849e+05
-2.603977910983599722e+05
-2.603977169487357605e+05
-1.457891805334405217e+05
-1.558541149639024516e+05
-2.603982468684435589e+05
-1.558541229455141292e+05
-2.603985708734803193e+05
-2.603985071436872240e+05
-4.933599054309633357e+04
-4.933598290975792042e+04
-4.854526939309438603e+04
-4.933598245818431315e+04
-1.241495036651187693e+05
-1.241501458289081638e+05
-1.241501610457991774e+05
-1.241501513660832279e+05
-1.233846642675185576e+05
-1.233846462864831847e+05
-1.241501643388452503e+05
-1.241494810598080512e+05
-1.233846724269698898e+05
-1.241501220896525338e+05
-1.241494946163186687e+05
-1.241494408902857685e+05
-1.241494595864564035e+05
-1.457891694546541257e+05
-1.558541072599446052e+05
-1.558541106229510333e+05
-4.854529005613292975e+04
-4.854530890805130912e+04
-1.438110728537555842e+05
-1.313374819699371001e+05
-4.797850594969713711e+04
-7.264703686185437255e+04
-6.017716529392639495e+04
-1.560116876770111558e+05
-1.558540953482881887e+05
-4.797854353397250816e+04
-1.438110569690077682e+05
-1.438111045936872542e+05
-1.313374984967545897e+05
-1.438110658684995142e+05
-4.933595487668790156e+04
-4.854521750350713410e+04
-1.558541178225016047e+05
