-4.772562341545879463e+04
-4.772558575623850629e+04
-4.772540844908660802e+04
-4.772545992053989903e+04
-7.221832242306407716e+04
-7.221803264765780477e+04
-7.221813738652560278e+04
-7.221837438655347796e+04
-5.977135127379716869e+04
-5.977131351635893225e+04
-5.977130505031745270e+04
-5.977137663552707818e+04
-1.550546775240587594e+05
-1.550544264651132980e+05
-1.550542908745174063e+05
-1.550545043924258789e+05
-2.589171708876304037e+05
-4.772542053830575605e+04
-7.221804613466929004e+04
-1.430066721682783391e+05
-1.305560843989597633e+05
-1.430066749455013778e+05
-1.305560046314195497e+05
-1.448140610481188050e+05
-1.548520315854873916e+05
-2.589179137751454255e+05
-1.448140410510364454e+05
-1.448140104573528515e+05
-1.548519543408924656e+05
-1.448140853875453467e+05
-2.589184320304533758e+05
-2.589183778333395312e+05
-1.548521019797468325e+05
-1.232430917207129824e+05
-1.232430920193591155e+05
-1.232432442310720216e+05
-1.225063474864299496e+05
-1.225062955845238030e+05
-1.448140446353326261e+05
-1.448140514460518898e+05
-2.589184293828650552e+05
-2.589184387786530133e+05
-2.589184134605110448e+05
-4.898506494538309926e+04
-4.822228847428290464e+04
-1.550546859072040534e+05
-1.448140408984169189e+05
-1.548520231589905452e+05
-1.448140279818430718e+05
-1.448140312877129472e+05
-4.822230152440249367e+04
-1.448139850939025346e+05
-1.448139655308923102e+05
-1.448140199968509842e+05
-1.448140100535453821e+05
-1.448140356939632620e+05
-1.448139945050721581e+05
-1.548519513124563673e+05
-4.822219561472849455e+04
-4.822213084741300554e+04
-1.232430595442044578e+05
-1.232430372935638152e+05
-1.448140314745914366e+05
-1.550547182839188026e+05
-1.548520855417058046e+05
-5.977132351240798744e+04
