-4.772573755856303615e+04
-7.221841994288185379e+04
-5.977139042650909687e+04
-1.550544778827739065e+05
-7.221843575837391836e+04
-5.977138655093980196e+04
-1.550546159737697744e+05
-4.772574197246894619e+04
-7.221847070740639174e+04
-5.977136002127145912e+04
-1.550547300589933293e+05
-4.772539316237710591e+04
-7.221846534210734535e+04
-5.977135013971813896e+04
-1.550544967179939558e+05
-4.772575220293697930e+04
-2.589173450913548877e+05
-1.548520943766529672e+05
-1.548520913299937674e+05
-1.430066668306352221e+05
-1.305560882283544342e+05
-2.589171536996701034e+05
-2.589169257363254728e+05
-1.448140609438565443e+05
-1.548520333086383762e+05
-2.589179137751459784e+05
-1.548520617108824081e+05
-2.589184164256118820e+05
-2.589183164582538884e+05
-4.898506974949576397e+04
-4.898502534117969481e+04
-4.822219946456439357e+04
-4.898505247151335789e+04
-1.232430923686918977e+05
-1.232432365814632358e+05
-1.232432442120295600e+05
-1.232432401409257291e+05
-1.225062989221214666e+05
-1.225062685969064769e+05
-1.232432042394103773e+05
-1.232430405253505596e+05
-1.225062881577512890e+05
-1.232431863740509143e+05
-1.232430849497336749e+05
-1.232430339384265972e+05
-1.232430334095185244e+05
-1.448140380724538409e+05
-1.548520087916406337e+05
-1.548520196652965969e+05
-4.822222982927710109e+04
-4.822227179972092563e+04
-1.430083165994843002e+05
-1.305571190433163283e+05
-4.772562422722276096e+04
-7.221844305741907738e+04
-5.977133395312690845e+04
-1.550546293337955722e+05
-1.548519513105360675e+05
-4.772575653884366329e+04
-1.430082901128398953e+05
-1.430083835982398596e+05
-1.305572361232052644e+05
-1.430082768083147530e+05
-4.898501085230614990e+04
-4.822206525194188725e+04
-1.548520412595938542e+05
