-4.773183477255937760e+04
-4.773179646710368979e+04
-4.773161400304032577e+04
-4.773166720455161703e+04
-7.222590440312075953e+04
-7.222559650806315767e+04
-7.222570803700352553e+04
-7.222595906004971766e+04
-5.977732646972698421e+04
-5.977728789193457487e+04
-5.977727726130228984e+04
-5.977736737782530690e+04
-1.550688965915193839e+05
-1.550686342340300616e+05
-1.550683618092508987e+05
-1.550685829465369461e+05
-2.589399965816568001e+05
-4.773162398866112198e+04
-7.222560940623767965e+04
-1.430201612095382297e+05
-1.305685023418908822e+05
-1.430201708498226944e+05
-1.305684256503686338e+05
-1.448252340799900412e+05
-1.548642930624600267e+05
-2.589407270078539441e+05
-1.448252132814677898e+05
-1.448251820164651726e+05
-1.548642145993160375e+05
-1.448252592902940814e+05
-2.589412519194447086e+05
-2.589411975202597969e+05
-1.548643662268001644e+05
-1.232529011575986369e+05
-1.232529012444168475e+05
-1.232530166356450063e+05
-1.225158000841196626e+05
-1.225157476390459778e+05
-1.448252167954159377e+05
-1.448252239660284831e+05
-2.589412459172564559e+05
-2.589412545959677082e+05
-2.589412310699214868e+05
-4.898924090634797176e+04
-4.822615550257007999e+04
-1.550687703931685246e+05
-1.448252131126124004e+05
-1.548642859206810244e+05
-1.448251996460871014e+05
-1.448252034267890267e+05
-4.822616894617165235e+04
-1.448251563805039914e+05
-1.448251360956706631e+05
-1.448251916236268589e+05
-1.448251813971004449e+05
-1.448252078265598684e+05
-1.448251649666404410e+05
-1.548642148913236451e+05
-4.822606083019189100e+04
-4.822599498815233528e+04
-1.232528681808127440e+05
-1.232528452302154474e+05
-1.448252036146971222e+05
-1.550688204795784259e+05
-1.548643534870232106e+05
-5.977729566950194567e+04
