-4.773195578280436894e+04
-7.222602986261999467e+04
-5.977737835922923841e+04
-1.550685726641969522e+05
-7.222604733693061280e+04
-5.977737575184002344e+04
-1.550687941618176119e+05
-4.773196118841958378e+04
-7.222607322979580204e+04
-5.977734312425701501e+04
-1.550689190513712529e+05
-4.773159892208644305e+04
-7.222607872355129803e+04
-5.977733190769675275e+04
-1.550685878267972730e+05
-4.773197242919323617e+04
-2.589401606459090835e+05
-1.548643663583916205e+05
-1.548643640790914360e+05
-1.430201555556108651e+05
-1.305685061694948818e+05
-2.589399730264190002e+05
-2.589397376836666954e+05
-1.448252339835057210e+05
-1.548642948433327256e+05
-2.589407270078544389e+05
-1.548643244390036562e+05
-2.589412346306497639e+05
-2.589411346747757052e+05
-4.898924607112301601e+04
-4.898920021107923094e+04
-4.822606480475592980e+04
-4.898922864801075048e+04
-1.232529018102834380e+05
-1.232530091530093632e+05
-1.232530166207651200e+05
-1.232530123132516746e+05
-1.225157509919006989e+05
-1.225157203373141383e+05
-1.232529758577901812e+05
-1.232528476270816464e+05
-1.225157395686732052e+05
-1.232529572820312314e+05
-1.232528944463255757e+05
-1.232528440505223989e+05
-1.232528415032358316e+05
-1.448252101465385640e+05
-1.548642688427123649e+05
-1.548642811878647190e+05
-4.822609553746613528e+04
-4.822613856024053530e+04
-1.430217957200375677e+05
-1.305695346186082315e+05
-4.773182950416003587e+04
-7.222603422410911298e+04
-5.977730352551360556e+04
-1.550687189448253193e+05
-1.548642148896599247e+05
-4.773197546601183421e+04
-1.430217715225675493e+05
-1.430218609441493172e+05
-1.305696426221558941e+05
-1.430217504876251624e+05
-4.898918653521998203e+04
-4.822592825846328196e+04
-1.548643065466903499e+05
