-4.773042258847919584e+04
-4.773038395532705908e+04
-4.773020130338469608e+04
-4.773025440560517018e+04
-7.222428215103641560e+04
-7.222397861288748391e+04
-7.222408810181442823e+04
-7.222433642846050498e+04
-5.977603678930222668e+04
-5.977599781497628283e+04
-5.977598794871613063e+04
-5.977607126058357971e+04
-1.550661160155896796e+05
-1.550658557046203932e+05
-1.550656084549839434e+05
-1.550658286746088706e+05
-2.589357146679481957e+05
-4.773021227249537333e+04
-7.222399160897430556e+04
-1.430174940883669478e+05
-1.305660257232718432e+05
-1.430175021619719919e+05
-1.305659471600803809e+05
-1.448230716625913919e+05
-1.548619828157731390e+05
-2.589364537277743220e+05
-1.448230509036550066e+05
-1.448230196394071099e+05
-1.548619040892116318e+05
-1.448230968294552295e+05
-2.589369796893497696e+05
-2.589369248276467260e+05
-1.548620558122181392e+05
-1.232509596746588941e+05
-1.232509597988088353e+05
-1.232510997637333057e+05
-1.225139574690781446e+05
-1.225139053120059834e+05
-1.448230543812726683e+05
-1.448230615046216699e+05
-2.589369746237162908e+05
-2.589369836190704373e+05
-2.589369594198325940e+05
-4.898839762148765294e+04
-4.822545179100439418e+04
-1.550660149093150103e+05
-1.448230506297790853e+05
-1.548619753289968357e+05
-1.448230371922974882e+05
-1.448230408479367034e+05
-4.822546527018299821e+04
-1.448229937567230954e+05
-1.448229737251230690e+05
-1.448230290723117650e+05
-1.448230188433548610e+05
-1.448230452986631717e+05
-1.448230025169544679e+05
-1.548619039359227463e+05
-4.822535733826247451e+04
-4.822529161170054431e+04
-1.232509269050035218e+05
-1.232509041319750395e+05
-1.448230411101102363e+05
-1.550660609416016086e+05
-1.548620422461452545e+05
-5.977600649929685460e+04
