-4.773054256991681905e+04
-7.222439768435861333e+04
-5.977608333255922480e+04
-1.550658120629021432e+05
-7.222441477776276588e+04
-5.977608009826784109e+04
-1.550660166090953862e+05
-4.773054762154244236e+04
-7.222444459518925578e+04
-5.977604974625595787e+04
-1.550661417895808409e+05
-4.773018595304838527e+04
-7.222444589194204309e+04
-5.977603891212354210e+04
-1.550658277887588192e+05
-4.773055863540148857e+04
-2.589358826713674935e+05
-1.548620544704655767e+05
-1.548620520640063623e+05
-1.430174884428744554e+05
-1.305660295707830082e+05
-2.589356931679078843e+05
-2.589354592896587856e+05
-1.448230715625516605e+05
-1.548619846015498042e+05
-2.589364537277751078e+05
-1.548620140747581027e+05
-2.589369628832498856e+05
-2.589368622710117779e+05
-4.898840276929720858e+04
-4.898835682975260715e+04
-4.822536116098972707e+04
-4.898838519676218857e+04
-1.232509603264283942e+05
-1.232510922694974870e+05
-1.232510997492563620e+05
-1.232510954971679021e+05
-1.225139086496669770e+05
-1.225138780898668338e+05
-1.232510592177669459e+05
-1.232509066535091406e+05
-1.225138973261203937e+05
-1.232510407912241935e+05
-1.232509529783247417e+05
-1.232509024799350591e+05
-1.232509003620234143e+05
-1.448230477570119547e+05
-1.548619588852341985e+05
-1.548619709654410253e+05
-4.822539191652589943e+04
-4.822543495440610423e+04
-1.430191391408054042e+05
-1.305670629571341560e+05
-4.773042026389188686e+04
-7.222440960337386059e+04
-5.977601580840628594e+04
-1.550659626903695753e+05
-1.548619039340222080e+05
-4.773056236855260067e+04
-1.430191133611530531e+05
-1.430192054917705536e+05
-1.305671743998709135e+05
-1.430190948529784800e+05
-4.898834301602291089e+04
-4.822522496671575936e+04
-1.548619955769074440e+05
