Separation distance relative to the S66x8 stable geometry
0.700
0.725
0.750
0.775
0.800
0.825
0.850
0.875
0.900
0.925
0.950
0.975
1.000
1.025
1.050
1.075
1.100
1.125
1.150
1.175
1.200
1.225
1.250
1.275
1.300
1.325
1.350
1.375
1.400
1.425
1.450
1.475
1.500
1.525
1.550
1.575
1.600
1.625
1.650
1.675
1.700
1.725
1.750
1.775
1.800
1.825
1.850
1.875
1.900
1.925
1.950
1.975
2.000
2.025
2.050
2.075
2.100
2.125
2.150
2.175
2.200
2.225
2.250
2.275
2.300
2.325
2.350
2.375
2.400
2.425
2.450
2.475
2.500
2.525
2.550
2.575
2.600
2.625
2.650
2.675
2.700
2.725
2.750
2.775
2.800
2.825
2.850
2.875
2.900
2.925
2.950
2.975
3.000
3.250
3.500
4.000
5.000
10.000
50.000
100.000
