# sto-3g,cc-pvdz,cc-pvtz,cc-pvqz,cc-pv5z
-2.512459417089616909e+04 -2.542402664352043575e+04 -2.543755809424096151e+04 -2.543957704467083749e+04 -2.544027848758385517e+04
-4.950100858822879673e+04 -5.009291656390699791e+04 -5.011458768347767909e+04 -5.011843174276087666e+04 -5.011974358143288555e+04
-7.387806666362326359e+04 -7.476295736781609594e+04 -7.479281166038385709e+04 -7.479851105406030547e+04 -7.480042776835357654e+04
-9.825513416083736229e+04 -9.943294943037406483e+04 -9.947098117357595765e+04 -9.947853501565479382e+04 -9.948105360613789526e+04
-1.226321226588927384e+05 -1.241028324199890194e+05 -1.241490572191994579e+05 -1.241584648880471796e+05 -1.241615841552258062e+05
-1.470091584678695071e+05 -1.487727241773811984e+05 -1.488271535200203070e+05 -1.488384134179983230e+05 -1.488421342773197393e+05
-1.713862204305269406e+05 -1.734426120311233390e+05 -1.735052606044247223e+05 -1.735183752124466118e+05 -1.735226956468708813e+05
-1.957632445688238950e+05 -1.981124931120443216e+05 -1.981833527016202279e+05 -1.981983205793431844e+05 -1.982032420204186928e+05
-2.201402867788225994e+05 -2.227823739243385207e+05 -2.228614461647633289e+05 -2.228782682272664097e+05 -2.228837895792752970e+05
-2.445172965609455714e+05 -2.474522511545262532e+05 -2.475395233648827125e+05 -2.475581979531885881e+05 -2.475643201790087041e+05
-2.688943460906376131e+05 -2.721221346598404343e+05 -2.722176347413315671e+05 -2.722381638454218046e+05 -2.722448862213317188e+05
-2.932713662668803590e+05 -2.967920227960250922e+05 -2.968957343095911783e+05 -2.969181169913799386e+05 -2.969254400017401204e+05
-3.176484127215148183e+05 -3.214618934078463353e+05 -3.215738231859686784e+05 -3.215980597128979280e+05 -3.216059830893606413e+05
-3.420254552782726241e+05 -3.461317936186829465e+05 -3.462519374152500532e+05 -3.462780277634106460e+05 -3.462865516315879067e+05
-3.664024916839885991e+05 -3.708016639221120859e+05 -3.709300259200911969e+05 -3.709579696607008809e+05 -3.709670940488573979e+05
