-4.798698853316030727e+04
-4.798698490022479382e+04
-4.798693801507175522e+04
-4.798695511529190117e+04
-7.265664557061664527e+04
-7.265650018639005430e+04
-7.265655455166540924e+04
-7.265665951786347432e+04
-6.018494921461096237e+04
-6.018494582345656818e+04
-6.018492223401601950e+04
-6.018497432775662310e+04
-1.560289518189463415e+05
-1.560288142732156557e+05
-1.560288916457957821e+05
-1.560290006740146200e+05
-2.604258192691353906e+05
-4.798693741046512150e+04
-7.265650174638153112e+04
-1.438263005217469763e+05
-1.313522001789177011e+05
-1.438262799684739439e+05
-1.313521305091818213e+05
-1.458033541073839006e+05
-1.558696487482525408e+05
-2.604261413047476963e+05
-1.458033507178906002e+05
-1.458033345867541793e+05
-1.558696236583068385e+05
-1.458033645039871917e+05
-2.604264746629133006e+05
-2.604263947471857537e+05
-1.558696701275873929e+05
-1.241621180343160522e+05
-1.241621188769178843e+05
-1.241628967487293703e+05
-1.233970474322498048e+05
-1.233969870133930381e+05
-1.458033525312017591e+05
-1.458033566395284724e+05
-2.604265139712218952e+05
-2.604265220378455706e+05
-2.604264746047312219e+05
-4.934112971160205052e+04
-4.855014221657846792e+04
-1.560290527974073775e+05
-1.458033516532042995e+05
-1.558696571784328844e+05
-1.458033490071763517e+05
-1.458033409124618338e+05
-4.855014938019738474e+04
-1.458033211757298268e+05
-1.458033100091832457e+05
-1.458033444940479239e+05
-1.458033359011005959e+05
-1.458033439787304960e+05
-1.458033341418454365e+05
-1.558696338359627989e+05
-4.855010627085527085e+04
-4.855006113986812124e+04
-1.241620919236330956e+05
-1.241620797030020767e+05
-1.458033371770835365e+05
-1.560290261525453534e+05
-1.558696769863204099e+05
-6.018493801077576063e+04
