-4.798701140573122393e+04
-7.265673509588153684e+04
-6.018498069465139997e+04
-1.560289888809469121e+05
-7.265674250705262239e+04
-6.018498296957436105e+04
-1.560288966240416339e+05
-4.798701479925356398e+04
-7.265673612537517329e+04
-6.018496111520777777e+04
-1.560289978310833976e+05
-4.798693474967614020e+04
-7.265675652525274199e+04
-6.018496360561529582e+04
-1.560289661215261149e+05
-4.798701637445027882e+04
-2.604258739813185530e+05
-1.558696752857333340e+05
-1.558696741264967714e+05
-1.438263000495453598e+05
-1.313522021148462954e+05
-2.604257001019851305e+05
-2.604256185596346913e+05
-1.458033539121606154e+05
-1.558696495377601241e+05
-2.604261413047456299e+05
-1.558696582303353935e+05
-2.604264646880057408e+05
-2.604264017972204601e+05
-4.934112830498097901e+04
-4.934111977114473120e+04
-4.855009815992919903e+04
-4.934112001671277540e+04
-1.241621185548216308e+05
-1.241628579347036575e+05
-1.241628725916613621e+05
-1.241628630795981589e+05
-1.233969915299780696e+05
-1.233969726756208547e+05
-1.241628745248371270e+05
-1.241620941928901884e+05
-1.233969990767663694e+05
-1.241628324048097129e+05
-1.241621097162221995e+05
-1.241620567054748244e+05
-1.241620737467665458e+05
-1.458033418662748591e+05
-1.558696405359247001e+05
-1.558696455196434690e+05
-4.855011907248311763e+04
-4.855013854687781713e+04
-1.438274774575066695e+05
-1.313527801671099151e+05
-4.798695150699594524e+04
-7.265668739548901794e+04
-6.018492757919596625e+04
-1.560290290595509287e+05
-1.558696338175134151e+05
-4.798700878459549131e+04
-1.438274669261775271e+05
-1.438275068783641036e+05
-1.313527855008089100e+05
-1.438274661958606739e+05
-4.934109160471548967e+04
-4.855004420434535859e+04
-1.558696569686854782e+05
