-4.703978017605822242e+04
-4.703980964532697544e+04
-4.703993440002080024e+04
-4.703990018115067505e+04
-7.125136224326319643e+04
-7.125155580385125359e+04
-7.125153036374568183e+04
-7.125131239894074679e+04
-5.900491643650284823e+04
-5.900497434967745357e+04
-5.900497721072420245e+04
-5.900499133080599131e+04
-1.530169006913008343e+05
-1.530168033101106703e+05
-1.530174855683198548e+05
-1.530175899940918025e+05
-2.554403545596310287e+05
-4.703996933694246400e+04
-7.125158931760241103e+04
-1.410643793226242415e+05
-1.288074255435695086e+05
-1.410643361363816075e+05
-1.288070940605387004e+05
-1.430020366911991150e+05
-1.528832703910644923e+05
-2.554411576025867253e+05
-1.430020210934536590e+05
-1.430019880162787740e+05
-1.528833007634806563e+05
-1.430020569638727175e+05
-2.554414007503958128e+05
-2.554412848299749021e+05
-1.528832525918546889e+05
-1.217638551522533671e+05
-1.217638565761148930e+05
-1.217635335196171945e+05
-1.210401265037652920e+05
-1.210399896619429201e+05
-1.430020244875220815e+05
-1.430020276386616461e+05
-2.554415868427477253e+05
-2.554416494514067890e+05
-2.554414862349619798e+05
-4.836332301008762443e+04
-4.759665579342370620e+04
-1.530179215471860080e+05
-1.430020165488022612e+05
-1.528832593321427703e+05
-1.430020067598780734e+05
-1.430020013665546430e+05
-4.759668519249682868e+04
-1.430019506468756881e+05
-1.430019442243493686e+05
-1.430019929749940638e+05
-1.430019833969467145e+05
-1.430020087272721285e+05
-1.430019766632030660e+05
-1.528832759705861972e+05
-4.759657571748719056e+04
-4.759645093898904452e+04
-1.217638403208521777e+05
-1.217638087606293557e+05
-1.430020042259077018e+05
-1.530178760944004753e+05
-1.528832397310769011e+05
-5.900496831475708314e+04
