-4.703961078329011070e+04
-7.125104219795351673e+04
-5.900499790555299114e+04
-1.530171968634574150e+05
-7.125101146081149636e+04
-5.900500498965496809e+04
-1.530169462618346734e+05
-4.703959349924076378e+04
-7.125109875139092037e+04
-5.900498320499530382e+04
-1.530170873008496128e+05
-4.703993314300500788e+04
-7.125096162523092062e+04
-5.900504121685313294e+04
-1.530173363588499487e+05
-4.703956875996020972e+04
-2.554402449043396919e+05
-1.528831920912052738e+05
-1.528831809832598956e+05
-1.410643880931504827e+05
-1.288074320971534762e+05
-2.554398051585400244e+05
-2.554400458713045227e+05
-1.430020363299633027e+05
-1.528832697591647448e+05
-2.554411576025867253e+05
-1.528832778119830473e+05
-2.554413718334065343e+05
-2.554411551943822124e+05
-4.836332701704611827e+04
-4.836328010597231332e+04
-4.759653555086853157e+04
-4.836329197923345055e+04
-1.217638560743981361e+05
-1.217635267749744380e+05
-1.217635336053335050e+05
-1.217635396618420637e+05
-1.210399979047162051e+05
-1.210399994639612560e+05
-1.217635112995629461e+05
-1.217637993167604291e+05
-1.210400025821877643e+05
-1.217635009247871203e+05
-1.217638469318427815e+05
-1.217638039591297420e+05
-1.217638051577191945e+05
-1.430020185287168424e+05
-1.528832615391946165e+05
-1.528832613664894598e+05
-4.759659003279804165e+04
-4.759665671534230205e+04
-1.410665210496887157e+05
-1.288089673575765046e+05
-4.703983115994836407e+04
-7.125123191564994340e+04
-5.900496271228963451e+04
-1.530176612784726603e+05
-1.528832759746001393e+05
-4.703957936299668654e+04
-1.410664487380811188e+05
-1.410665817812171299e+05
-1.288092568460515467e+05
-1.410665677637144108e+05
-4.836322451721028483e+04
-4.759644663486599893e+04
-1.528832540676649951e+05
