-4.795387538889758434e+04
-4.795387737384076900e+04
-4.795386876158173254e+04
-4.795387346852442715e+04
-7.261579326052614488e+04
-7.261578630132458056e+04
-7.261578070849266078e+04
-7.261578670913241513e+04
-6.015054052559010597e+04
-6.015055049507271906e+04
-6.015052414600757766e+04
-6.015043060207428061e+04
-1.559554074570130906e+05
-1.559553480387981981e+05
-1.559558711401382461e+05
-1.559559186428142712e+05
-2.603172962033354561e+05
-4.795388053623480664e+04
-7.261577793067264429e+04
-1.437589556341592106e+05
-1.312887224108317168e+05
-1.437588926687675412e+05
-1.312886103677321516e+05
-1.457445929581660894e+05
-1.558075867050339293e+05
-2.603175706913381582e+05
-1.457446082593936881e+05
-1.457446005074900168e+05
-1.558075690476528835e+05
-1.457445907045147906e+05
-2.603178367088753148e+05
-2.603177602922091610e+05
-1.558075805391512986e+05
-1.241018184690504422e+05
-1.241018213810685120e+05
-1.241023846375758003e+05
-1.233415478674730693e+05
-1.233415096436001622e+05
-1.457446084654338192e+05
-1.457446089666578337e+05
-2.603179064858056663e+05
-2.603179151418010297e+05
-2.603178590211944247e+05
-4.931567323125569237e+04
-4.852649140344053012e+04
-1.559559412384056777e+05
-1.457446047889491892e+05
-1.558075919956363214e+05
-1.457446145623049233e+05
-1.457445928207265679e+05
-4.852649575024539081e+04
-1.457445884510147152e+05
-1.457445928066945926e+05
-1.457446101408880204e+05
-1.457446042746460007e+05
-1.457446009792551049e+05
-1.457446127476589463e+05
-1.558075726294826018e+05
-4.852651828540568386e+04
-4.852647106317969155e+04
-1.241017974130246439e+05
-1.241017984762463020e+05
-1.457445913847471529e+05
-1.559558495435994992e+05
-1.558075638227791933e+05
-6.015054480772082752e+04
