-4.795385128563064063e+04
-7.261562290269556979e+04
-6.015047023908329720e+04
-1.559558029427159345e+05
-7.261562551819831424e+04
-6.015046245516702038e+04
-1.559554398531376501e+05
-4.795384845662112639e+04
-7.261570056766561174e+04
-6.015047634571127128e+04
-1.559555181610558066e+05
-4.795386482464901928e+04
-7.261564317401302105e+04
-6.015047537732087949e+04
-1.559558014997025020e+05
-4.795384333947342384e+04
-2.603173554130022239e+05
-1.558075315671077697e+05
-1.558075267978656630e+05
-1.437589552462487482e+05
-1.312887244775875297e+05
-2.603171572023792833e+05
-2.603171408872258035e+05
-1.457445924653788970e+05
-1.558075874656604428e+05
-2.603175706913383037e+05
-1.558075797488599492e+05
-2.603178393365019874e+05
-2.603177648451085261e+05
-4.931566363551520772e+04
-4.931568854766530421e+04
-4.852648430681163154e+04
-4.931566676726008154e+04
-1.241018189933947724e+05
-1.241023535855461087e+05
-1.241023666885300627e+05
-1.241023623610530340e+05
-1.233415131535378896e+05
-1.233415030835140642e+05
-1.241023788972743496e+05
-1.241018264569527673e+05
-1.233415243448776018e+05
-1.241023561546229321e+05
-1.241018077808633097e+05
-1.241017426221533242e+05
-1.241017907162604533e+05
-1.457445977147659869e+05
-1.558075975054595619e+05
-1.558075838169172639e+05
-4.852650436841460032e+04
-4.852650534576643986e+04
-1.437600702643975383e+05
-1.312892619794640632e+05
-4.795387453899682441e+04
-7.261576822132435336e+04
-6.015054143344170734e+04
-1.559559009320503101e+05
-1.558075725736161985e+05
-4.795384329236493068e+04
-1.437600449444856204e+05
-1.437600868067916890e+05
-1.312892878444014350e+05
-1.437600624901842675e+05
-4.931566079372817330e+04
-4.852652743806041690e+04
-1.558075630003040133e+05
